74,93
21,53,85
35,46
11,94
13,91
31,33,60,80
15,27,64
10,28,56,74
5,21
8,45
9,19,51,59
12,17,54
26,67,77
6,52,59,70
57,99
59,64
14,25
10,86
19,63,91,97
68,89
13,50
38,56
2,12,62
90,98
5,28,98
41,51,62
1,57,58
2,3,30
5,14,73
10,41
19,61
1,21,41,58,67
3,19,27
15,24,61,87
18,46,95
18,42,89
24,95
11,67
3,17,28,58
16,29
10,100
5,36,38
7,28
8,16
20,57
32,69
11,25,65
3,40,72
2,6,23,43,73
34,35,89
22,56,88,95
44,48
18,44
4,8,48,54
2,10,17,53,74
49,65
12,25,28,39
6,32,76
4,96
5,23
7,60,79
11,23
10,40,74
30,32,53
5,82
6,11,75,98
15,63
41,69
67,74
5,37,71
6,94
13,35
10,22
1,3
70,79,84
19,21,64
18,20,34
7,29
6,70
20,55
9,42,86
17,19,31
45,78
24,51
30,36,37
1,15,35,65
23,27
10,40
8,36,60
6,52,84
5,11,12,17,47
27,40,51
15,42
38,57,80
1,67
1,12,14
2,30,57,79,99
4,12,39
3,28
3,92
6,65
20,36
14,39
6,12,77,81
17,62
56,89
7,12,17
46,47
42,75
22,23
10,16,33,40,96
22,41
1,21,36
2,8,39,45,97
13,30,96
5,23,45,49
24,32,61
13,79
4,6,35
64,68
24,43
42,71
2,7
9,17
2,25
8,9,31,45
1,26
19,25,47
6,75
86,88
2,19,49,62
36,90
2,9,50
1,18,78,81,88
20,26,52,83
7,72,94
20,61,67
3,17
6,66
2,74
1,58,66
16,24
54,96
3,80
12,57,95
18,63,85
4,33
6,37,70
29,58
30,100
11,84
4,27,29
3,11,25,73
3,11,14,100
17,53
16,26,89
11,16,29
1,7,45,46,79
21,31
1,19,21,87
3,5,39
22,55
1,55
32,47
15,26
5,29
7,83
10,30
16,54
1,26,68,76
4,16,21,44
2,9,56
62,71
1,4,22,27,69
36,83
3,43,72,88
16,31,60,87
38,97
14,76
15,50,58
13,93
37,58
1,92
9,88
48,78
22,25
33,61
1,95
15,22
2,8,33
4,44
1,15,55,59
12,96
59,82
13,61
18,50
8,34
4,29
21,41,69
2,10
2,7,72
4,9,28,43,66
34,93
18,51,63
60,91
32,68
10,20
12,56
9,14,40,82
23,73
13,50,84
4,8,13,97
32,77
24,49
1,20,25,57
16,18,29
50,69,99
34,39,79,85
38,43,71
3,14
4,32,41
33,48
7,34
20,99
8,13,68
55,85
5,11
3,7,41
4,48
16,23,66,78
37,61,75,92,98
3,9,56
35,50
22,51
9,91
49,90
24,47
46,93
2,10,72,73
23,71
52,69
5,81
13,90
78,80
12,26
15,18
3,62
8,60
17,78,92
7,47
27,70,86
19,77
26,38,52
24,76,77,87
19,59
16,82
25,30,46,54
65,70
10,62
5,14
4,28,31,39
15,64,68
11,14
5,11,81,94
42,43
14,100
7,12,28,40
46,97
26,92,98
37,71
6,11,65
54,63,66
5,81,90
48,80
15,22,27,32,55
9,21,87
73,77
8,100
2,42
13,31,63,72
20,21
20,38
17,44,82
10,49
1,8,40
4,8
4,83
7,66
25,59
29,31,48
44,54,91
18,75,94
7,23,47,51,55
39,42
16,33
9,38,53
6,35,85,93
12,14,30
31,34,35
11,44,53
9,86
8,13,18
15,52
10,53
27,47
3,60
7,9,14,36
34,83
8,33
9,75
24,33
5,49
76,99
6,37
2,43,45
52,76
37,64,84
